MOBY DICK

Moby Dick pair corr
it took 3.99205708504 seconds to run the pairwise analysis
(array([ 0.    ,  0.00997046,  0.03903777,  0.07480481,  0.0753851 , 0.07111205,  0.07190336,  0.07446191,  0.07430365,  0.0728793 , 0.07272104,  0.07314307,  0.0728793 ,  0.07364423,  0.0711648 , 0.07258915]), array([ 0,  1,  2,  3,  4,  5,  6,  7,  8,  9, 10, 11, 12, 13, 14, 15, 16]))

first half of MBDK
(array([ 0.        ,  0.00564361,  0.0259366 ,  0.05491515,  0.05739673,
        0.05331412,  0.0532741 ,  0.05647614,  0.0549952 ,  0.05287384,
        0.05451489,  0.05635607,  0.05243356,  0.05311399,  0.05391451,
        0.05443484,  0.05071246,  0.05059238,  0.05239353,  0.05351425,
        0.05319404]), array([ 0,  1,  2,  3,  4,  5,  6,  7,  8,  9, 10, 11, 12, 13, 14, 15, 16,
       17, 18, 19, 20, 21]))
second half of MBDK
(array([ 0.        ,  0.00902806,  0.03169343,  0.05576824,  0.05420643,
        0.05195894,  0.05313982,  0.0537874 ,  0.05493019,  0.05493019,
        0.05308268,  0.05199703,  0.05534922,  0.05573015,  0.05142563,
        0.05302554,  0.05304459,  0.0505114 ,  0.0507971 ,  0.05367312,
        0.05192084]), array([ 0,  1,  2,  3,  4,  5,  6,  7,  8,  9, 10, 11, 12, 13, 14, 15, 16,
       17, 18, 19, 20, 21]))





Moby Dick, Unigram model pair correlation function (model length = 10,000,000)
It took 32 seconds to build the model and 212 seconds to run the pairwise analysis.
 array([ 0.        ,  0.06688546,  0.06654094,  0.06685901,  0.06637296, 0.06680112,  0.06645516,  0.06653129,  0.06674108,  0.06693264, 0.06663672,  0.06641442,  0.06687474,  0.06644373,  0.06648018, 0.06703056])
 array([ 0,  1,  2,  3,  4,  5,  6,  7,  8,  9, 10, 11, 12, 13, 14, 15, 16])


Moby Dick, bigram language model pair correlation function (model length = 1,000,000)

it took 3289.23311591 seconds to run the pairwise analysis
(array([ 0.        ,  0.01407543,  0.05104903,  0.08633235,  0.07375769, 0.06729224,  0.07104417,  0.07019525,  0.07108965,  0.07046812, 0.06986933,  0.07152548,  0.0705515 ,  0.07082436,  0.07054392, 0.07138147]), array([ 0,  1,  2,  3,  4,  5,  6,  7,  8,  9, 10, 11, 12, 13, 14, 15, 16]))
it took 6468.83486891 seconds to build the model




Moby Dick, trigram language model pair correlation function (model length:10,000) << too short
        array([ 0.        ,  0.01430104,  0.04576332,  0.08866643,  0.0786557 , 0.08080086,  0.06220951,  0.0786557 ,  0.07222024,  0.0593493 , 0.07508044,  0.06721487,  0.0772256 ,  0.05863425,  0.0675724 , 0.07365034]),
        array([ 0,  1,  2,  3,  4,  5,  6,  7,  8,  9, 10, 11, 12, 13, 14, 15, 16])


Brown, any stopwords
(array([ 0.        ,  0.03917616,  0.04778221,  0.05252677,  0.0507976 , 0.05035171,  0.05078096,  0.05070451,  0.0506448 ,  0.05064774, 0.05069396,  0.05063034,  0.05056313,  0.05062664,  0.05060076,  0.0505379 ,  0.05064709,  0.05052844,  0.05063751,  0.05052256, 0.05059923]), array([ 0,  1,  2,  3,  4,  5,  6,  7,  8,  9, 10, 11, 12, 13, 14, 15, 16,
       17, 18, 19, 20, 21]))

Brown, no stopwords
(array([ 0.        ,  0.00854023,  0.03329534,  0.04042182,  0.04287425, 0.04639421,  0.04645191,  0.05213578,  0.05161644,  0.05533836,0.05911799,  0.05556918,  0.05672326,  0.05663671,  0.0564636 ,0.05741572,  0.05793505,  0.05773309,  0.05499214,  0.05574229,0.05460263
        ]), array([ 0,  1,  2,  3,  4,  5,  6,  7,  8,  9, 10, 11, 12, 13, 14, 15, 16,
       17, 18, 19, 20, 21]))

Brown, stopwords
(array([ 0.        ,  0.0011429 ,  0.02144194,  0.05361116,  0.05133797,
        0.05078333,  0.05500196,  0.05587174,  0.05585284,  0.05598519,
        0.05602301,  0.05467422,  0.05483179,  0.05477927,  0.05548097,
        0.05398512,  0.05415319,  0.05425404,  0.05322879,  0.05345989,
        0.05410067]), array([ 0,  1,  2,  3,  4,  5,  6,  7,  8,  9, 10, 11, 12, 13, 14, 15, 16,
       17, 18, 19, 20, 21]))